25,2
24,3
24,2
24,1
24,0
20,6
20,5
20,4
20,3
20,2
20,1
20,0
15,5
15,4
15,3
15,2
15,1
15,0
13,6
13,5
13,4
13,3
13,2
13,1
13,0
12,5
12,4
12,3
12,2
12,1
12,0
6,3
6,2
6,1
6,0
5,3
5,2
5,1
5,0
4,2
4,1
4,3
3,6
4,0
3,5
3,4
3,3
3,2
3,1
3,0
61,6
61,5
2,13
2,12
2,10
2,9
2,8
2,6
61,4
61,1
61,3
62,6
62,5
57,5
2,5
61,0
57,4
57,1
57,3
57,0
51,4
51,1
51,3
2,4
51,0
62,4
62,1
62,3
2,2
1,2
0,443
62,0
37,4
37,1
37,3
37,0
1,1
1,3
0,440
1,0
2,7
0,408
25,1
0,383
25,3
0,380
2,1
25,0
2,11
0,379
0,322
2,3
0,312
2,0
0,243
0,9
0,310
0,305
0,308
0,304
0,303
0,302
0,307
0,12
0,435
0,10
0,8
0,0
0,415
0,300
0,414
0,299
0,413
0,298
0,431
0,297
0,412
0,296
0,411
0,295
0,410
0,294
0,409
0,293
0,430
0,292
0,429
0,291
0,407
0,290
0,406
0,289
0,405
0,288
0,404
0,287
0,403
0,286
0,402
0,285
0,401
0,284
0,400
0,283
0,399
0,282
0,398
0,281
0,397
0,280
0,396
0,279
0,395
0,278
0,394
0,277
0,393
0,276
0,392
0,275
0,391
0,274
0,390
25,4
25,5
26,1
26,2
28,0
28,1
28,3
28,5
29,0
29,2
29,3
29,5
29,7
29,8
32,1
32,2
32,4
33,0
33,2
33,4
33,5
36,1
36,2
36,4
38,0
38,1
38,3
38,4
38,6
44,0
44,2
44,4
44,5
46,0
46,1
46,3
47,0
47,1
47,3
47,4
47,6
48,0
48,2
48,4
48,5
49,1
49,2
49,4
49,6
49,7
51,2
57,2
58,1
58,3
59,0
59,2
59,3
60,1
60,2
60,4
62,2
64,0
64,2
64,3
65,1
65,3
65,4
71,0
71,1
71,3
71,4
74,1
74,3
74,4
77,0
77,1
77,3
78,1
78,2
80,0
80,1
80,3
81,0
81,2
81,4
81,5
83,1
83,2
85,0
85,2
85,3
86,0
86,1
86,3
86,5
86,6
86,8
87,0
87,2
87,3
87,5
88,1
88,2
88,4
88,5
89,1
89,3
89,4
90,0
90,1
90,3
90,4
90,6
92,0
92,1
92,3
93,0
93,2
94,0
94,1
94,3
95,0
95,2
95,3
95,5
95,7
95,8
96,1
96,2
96,4
97,0
97,1
97,3
97,4
98,0
98,1
98,3
98,5
98,6
99,0
99,1
99,3
100,0
100,1
100,3
101,0
101,2
101,4
101,5
101,7
101,8
101,10
101,11
101,13
103,0
103,1
103,3
103,4
104,1
104,3
104,4
104,6
104,7
105,1
105,2
105,4
106,1
106,2
106,4
106,5
107,1
107,3
107,4
107,5
107,2
107,0
106,3
106,0
105,3
105,0
104,5
104,2
104,0
103,2
101,14
101,12
101,9
101,6
101,3
101,1
100,2
99,4
99,2
98,7
98,4
98,2
97,5
97,2
96,5
96,3
96,0
95,6
95,4
95,1
94,2
93,3
93,1
92,2
90,7
90,5
90,2
89,5
89,2
89,0
88,3
88,0
87,4
87,1
86,7
86,4
86,2
85,4
85,1
83,3
83,0
81,3
81,1
80,2
78,3
78,0
77,2
74,5
74,2
74,0
71,2
65,5
65,2
65,0
64,1
61,2
60,3
60,0
59,1
58,2
58,0
49,8
49,5
49,3
49,0
48,3
48,1
47,5
47,2
46,4
46,2
44,6
44,3
44,1
38,5
38,2
37,2
36,3
36,0
33,3
33,1
32,3
32,0
29,6
29,4
29,1
28,4
28,2
26,3
26,0
0,273
0,438
0,272
0,389
0,271
0,388
0,270
0,387
0,269
0,386
0,268
0,428
0,267
0,434
0,266
0,385
0,265
0,444
0,264
0,427
0,263
0,382
0,262
0,381
0,261
0,384
0,260
0,426
0,259
0,258
0,378
0,257
0,377
0,256
0,376
0,255
0,437
0,254
0,436
0,253
0,375
0,252
0,374
0,251
0,373
0,250
0,372
0,249
0,371
0,248
0,370
0,247
0,425
0,246
0,369
0,245
0,368
0,244
0,367
0,242
0,366
0,241
0,424
0,240
0,423
0,239
0,365
0,238
0,364
0,237
0,363
0,236
0,362
0,235
0,361
0,234
0,360
0,233
0,433
0,232
0,359
0,231
0,358
0,230
0,357
0,229
0,356
0,228
0,439
0,227
0,422
0,226
0,355
0,225
0,354
0,224
0,353
0,223
0,421
0,222
0,352
0,221
0,351
0,220
0,350
0,219
0,349
0,218
0,432
0,217
0,420
0,216
0,348
0,215
0,347
0,214
0,346
0,213
0,345
0,212
0,344
0,211
0,343
0,210
0,419
0,209
0,342
0,208
0,341
0,207
0,340
0,206
0,339
0,205
0,418
0,204
0,417
0,203
0,338
0,202
0,337
0,201
0,336
0,200
0,335
0,199
0,334
0,198
0,333
0,197
0,332
0,196
0,331
0,195
0,330
0,194
0,329
0,193
0,328
0,192
0,327
0,63
0,326
0,62
0,325
0,61
0,324
0,60
0,323
0,59
0,321
0,58
0,320
0,57
0,319
0,56
0,318
0,55
0,317
0,54
0,416
0,53
0,316
0,52
0,315
0,51
0,314
0,50
0,313
0,49
0,441
0,48
0,311
0,47
0,309
0,46
0,306
0,45
0,301
0,6
0,5
0,1
0,442
0,11
0,4
0,2
0,3
0,7
